200
0.05
2
0.37454 0.950714
0.192289 0.0408686
0.04975
2
0.37454 0.950714
0.192289 0.0408686
0.0495
2
0.37454 0.950714
0.192289 0.0408686
0.04925
2
0.37454 0.950714
0.192289 0.0408686
0.049
2
0.37454 0.950714
0.192289 0.0408686
0.04875
2
0.37454 0.950714
0.192289 0.0408686
0.0485
2
0.37454 0.950714
0.192289 0.0408686
0.04825
2
0.37454 0.950714
0.192289 0.0408686
0.048
2
0.37454 0.950714
0.192289 0.0408686
0.04775
2
0.37454 0.950714
0.192289 0.0408686
0.0475
2
0.37454 0.950714
0.192289 0.0408686
0.04725
2
0.37454 0.950714
0.192289 0.0408686
0.047
2
0.37454 0.950714
0.192289 0.0408686
0.04675
2
0.37454 0.950714
0.192289 0.0408686
0.0465
2
0.37454 0.950714
0.192289 0.0408686
0.04625
2
0.37454 0.950714
0.192289 0.0408686
0.046
2
0.37454 0.950714
0.192289 0.0408686
0.04575
2
0.37454 0.950714
0.192289 0.0408686
0.0455
2
0.37454 0.950714
0.192289 0.0408686
0.04525
2
0.37454 0.950714
0.192289 0.0408686
0.045
2
0.37454 0.950714
0.192289 0.0408686
0.04475
2
0.37454 0.950714
0.192289 0.0408686
0.0445
2
0.37454 0.950714
0.192289 0.0408686
0.04425
2
0.37454 0.950714
0.192289 0.0408686
0.044
2
0.37454 0.950714
0.192289 0.0408686
0.04375
2
0.37454 0.950714
0.192289 0.0408686
0.0435
2
0.37454 0.950714
0.192289 0.0408686
0.04325
2
0.37454 0.950714
0.192289 0.0408686
0.043
2
0.37454 0.950714
0.192289 0.0408686
0.04275
2
0.37454 0.950714
0.192289 0.0408686
0.0425
2
0.37454 0.950714
0.192289 0.0408686
0.04225
2
0.37454 0.950714
0.192289 0.0408686
0.042
2
0.37454 0.950714
0.192289 0.0408686
0.04175
2
0.37454 0.950714
0.192289 0.0408686
0.0415
2
0.37454 0.950714
0.192289 0.0408686
0.04125
2
0.37454 0.950714
0.192289 0.0408686
0.041
2
0.37454 0.950714
0.192289 0.0408686
0.04075
2
0.37454 0.950714
0.192289 0.0408686
0.0405
2
0.37454 0.950714
0.192289 0.0408686
0.04025
2
0.37454 0.950714
0.192289 0.0408686
0.04
2
0.37454 0.950714
0.192289 0.0408686
0.03975
2
0.37454 0.950714
0.192289 0.0408686
0.0395
2
0.37454 0.950714
0.192289 0.0408686
0.03925
2
0.37454 0.950714
0.192289 0.0408686
0.039
2
0.37454 0.950714
0.192289 0.0408686
0.03875
2
0.37454 0.950714
0.192289 0.0408686
0.0385
2
0.37454 0.950714
0.192289 0.0408686
0.03825
2
0.37454 0.950714
0.192289 0.0408686
0.038
2
0.37454 0.950714
0.192289 0.0408686
0.03775
2
0.37454 0.950714
0.192289 0.0408686
0.0375
2
0.37454 0.950714
0.192289 0.0408686
0.03725
2
0.37454 0.950714
0.192289 0.0408686
0.037
2
0.37454 0.950714
0.192289 0.0408686
0.03675
2
0.37454 0.950714
0.192289 0.0408686
0.0365
2
0.37454 0.950714
0.192289 0.0408686
0.03625
2
0.37454 0.950714
0.192289 0.0408686
0.036
2
0.37454 0.950714
0.192289 0.0408686
0.03575
2
0.37454 0.950714
0.192289 0.0408686
0.0355
2
0.37454 0.950714
0.192289 0.0408686
0.03525
2
0.37454 0.950714
0.192289 0.0408686
0.035
2
0.37454 0.950714
0.192289 0.0408686
0.03475
2
0.37454 0.950714
0.192289 0.0408686
0.0345
2
0.37454 0.950714
0.192289 0.0408686
0.03425
2
0.37454 0.950714
0.192289 0.0408686
0.034
2
0.37454 0.950714
0.192289 0.0408686
0.03375
2
0.37454 0.950714
0.192289 0.0408686
0.0335
2
0.37454 0.950714
0.192289 0.0408686
0.03325
2
0.37454 0.950714
0.192289 0.0408686
0.033
2
0.37454 0.950714
0.192289 0.0408686
0.03275
2
0.37454 0.950714
0.192289 0.0408686
0.0325
2
0.37454 0.950714
0.192289 0.0408686
0.03225
2
0.37454 0.950714
0.192289 0.0408686
0.032
2
0.37454 0.950714
0.192289 0.0408686
0.03175
2
0.37454 0.950714
0.192289 0.0408686
0.0315
2
0.37454 0.950714
0.192289 0.0408686
0.03125
2
0.37454 0.950714
0.192289 0.0408686
0.031
2
0.37454 0.950714
0.192289 0.0408686
0.03075
2
0.37454 0.950714
0.192289 0.0408686
0.0305
2
0.37454 0.950714
0.192289 0.0408686
0.03025
2
0.37454 0.950714
0.192289 0.0408686
0.03
2
0.37454 0.950714
0.192289 0.0408686
0.02975
2
0.37454 0.950714
0.192289 0.0408686
0.0295
2
0.37454 0.950714
0.192289 0.0408686
0.02925
2
0.37454 0.950714
0.192289 0.0408686
0.029
2
0.37454 0.950714
0.192289 0.0408686
0.02875
2
0.37454 0.950714
0.192289 0.0408686
0.0285
2
0.37454 0.950714
0.192289 0.0408686
0.02825
2
0.37454 0.950714
0.192289 0.0408686
0.028
2
0.37454 0.950714
0.192289 0.0408686
0.02775
2
0.37454 0.950714
0.192289 0.0408686
0.0275
2
0.37454 0.950714
0.192289 0.0408686
0.02725
2
0.37454 0.950714
0.192289 0.0408686
0.027
2
0.37454 0.950714
0.192289 0.0408686
0.02675
2
0.37454 0.950714
0.192289 0.0408686
0.0265
2
0.37454 0.950714
0.192289 0.0408686
0.02625
2
0.37454 0.950714
0.192289 0.0408686
0.026
2
0.37454 0.950714
0.192289 0.0408686
0.02575
2
0.37454 0.950714
0.192289 0.0408686
0.0255
2
0.37454 0.950714
0.192289 0.0408686
0.02525
2
0.37454 0.950714
0.192289 0.0408686
0.025
2
0.37454 0.950714
0.192289 0.0408686
0.02475
2
0.37454 0.950714
0.192289 0.0408686
0.0245
2
0.37454 0.950714
0.192289 0.0408686
0.02425
2
0.37454 0.950714
0.192289 0.0408686
0.024
2
0.37454 0.950714
0.192289 0.0408686
0.02375
2
0.37454 0.950714
0.192289 0.0408686
0.0235
2
0.37454 0.950714
0.192289 0.0408686
0.02325
2
0.37454 0.950714
0.192289 0.0408686
0.023
2
0.37454 0.950714
0.192289 0.0408686
0.02275
2
0.37454 0.950714
0.192289 0.0408686
0.0225
2
0.37454 0.950714
0.192289 0.0408686
0.02225
2
0.37454 0.950714
0.192289 0.0408686
0.022
2
0.37454 0.950714
0.192289 0.0408686
0.02175
2
0.37454 0.950714
0.192289 0.0408686
0.0215
2
0.37454 0.950714
0.192289 0.0408686
0.02125
2
0.37454 0.950714
0.192289 0.0408686
0.021
2
0.37454 0.950714
0.192289 0.0408686
0.02075
2
0.37454 0.950714
0.192289 0.0408686
0.0205
2
0.37454 0.950714
0.192289 0.0408686
0.02025
2
0.37454 0.950714
0.192289 0.0408686
0.02
2
0.37454 0.950714
0.192289 0.0408686
0.01975
2
0.37454 0.950714
0.192289 0.0408686
0.0195
2
0.37454 0.950714
0.192289 0.0408686
0.01925
2
0.37454 0.950714
0.192289 0.0408686
0.019
2
0.37454 0.950714
0.192289 0.0408686
0.01875
2
0.37454 0.950714
0.192289 0.0408686
0.0185
2
0.37454 0.950714
0.192289 0.0408686
0.01825
2
0.37454 0.950714
0.192289 0.0408686
0.018
2
0.37454 0.950714
0.192289 0.0408686
0.01775
2
0.37454 0.950714
0.192289 0.0408686
0.0175
2
0.37454 0.950714
0.192289 0.0408686
0.01725
2
0.37454 0.950714
0.192289 0.0408686
0.017
2
0.37454 0.950714
0.192289 0.0408686
0.01675
2
0.37454 0.950714
0.192289 0.0408686
0.0165
2
0.37454 0.950714
0.192289 0.0408686
0.01625
2
0.37454 0.950714
0.192289 0.0408686
0.016
2
0.37454 0.950714
0.192289 0.0408686
0.01575
2
0.37454 0.950714
0.192289 0.0408686
0.0155
2
0.37454 0.950714
0.192289 0.0408686
0.01525
2
0.37454 0.950714
0.192289 0.0408686
0.015
2
0.37454 0.950714
0.192289 0.0408686
0.01475
2
0.37454 0.950714
0.192289 0.0408686
0.0145
2
0.37454 0.950714
0.192289 0.0408686
0.01425
2
0.37454 0.950714
0.192289 0.0408686
0.014
2
0.37454 0.950714
0.192289 0.0408686
0.01375
2
0.37454 0.950714
0.192289 0.0408686
0.0135
2
0.37454 0.950714
0.192289 0.0408686
0.01325
2
0.37454 0.950714
0.192289 0.0408686
0.013
2
0.37454 0.950714
0.192289 0.0408686
0.01275
2
0.37454 0.950714
0.192289 0.0408686
0.0125
2
0.37454 0.950714
0.192289 0.0408686
0.01225
2
0.37454 0.950714
0.192289 0.0408686
0.012
2
0.37454 0.950714
0.192289 0.0408686
0.01175
2
0.37454 0.950714
0.192289 0.0408686
0.0115
2
0.37454 0.950714
0.192289 0.0408686
0.01125
2
0.37454 0.950714
0.192289 0.0408686
0.011
2
0.37454 0.950714
0.192289 0.0408686
0.01075
2
0.37454 0.950714
0.192289 0.0408686
0.0105
2
0.37454 0.950714
0.192289 0.0408686
0.01025
2
0.37454 0.950714
0.192289 0.0408686
0.01
2
0.37454 0.950714
0.192289 0.0408686
0.00975
2
0.37454 0.950714
0.192289 0.0408686
0.0095
2
0.37454 0.950714
0.192289 0.0408686
0.00925
2
0.37454 0.950714
0.192289 0.0408686
0.009
2
0.37454 0.950714
0.192289 0.0408686
0.00875
2
0.37454 0.950714
0.192289 0.0408686
0.0085
2
0.37454 0.950714
0.192289 0.0408686
0.00825
2
0.37454 0.950714
0.192289 0.0408686
0.008
2
0.37454 0.950714
0.192289 0.0408686
0.00775
2
0.37454 0.950714
0.192289 0.0408686
0.0075
2
0.37454 0.950714
0.192289 0.0408686
0.00725
2
0.37454 0.950714
0.192289 0.0408686
0.007
2
0.37454 0.950714
0.192289 0.0408686
0.00675
2
0.37454 0.950714
0.192289 0.0408686
0.0065
2
0.37454 0.950714
0.192289 0.0408686
0.00625
2
0.37454 0.950714
0.192289 0.0408686
0.006
2
0.37454 0.950714
0.192289 0.0408686
0.00575
2
0.37454 0.950714
0.192289 0.0408686
0.0055
2
0.37454 0.950714
0.192289 0.0408686
0.00525
2
0.37454 0.950714
0.192289 0.0408686
0.005
2
0.37454 0.950714
0.192289 0.0408686
0.00475
2
0.37454 0.950714
0.192289 0.0408686
0.0045
2
0.37454 0.950714
0.192289 0.0408686
0.00425
4
0.37454 0.950714
0.844875 0.0232719
0.77127 0.0740447
0.192289 0.0408686
0.004
5
0.37454 0.950714
0.00552212 0.815461
0.844875 0.0232719
0.77127 0.0740447
0.192289 0.0408686
0.00375
5
0.37454 0.950714
0.00552212 0.815461
0.844875 0.0232719
0.77127 0.0740447
0.192289 0.0408686
0.0035
6
0.37454 0.950714
0.00552212 0.815461
0.227935 0.427108
0.844875 0.0232719
0.77127 0.0740447
0.192289 0.0408686
0.00325
9
0.37454 0.950714
0.147073 0.926588
0.00552212 0.815461
0.227935 0.427108
0.844875 0.0232719
0.690938 0.386735
0.77127 0.0740447
0.389202 0.0108377
0.192289 0.0408686
0.003
13
0.37454 0.950714
0.147073 0.926588
0.285712 0.868599
0.350588 0.589918
0.00552212 0.815461
0.227935 0.427108
0.392244 0.437475
0.527701 0.992965
0.844875 0.0232719
0.690938 0.386735
0.77127 0.0740447
0.389202 0.0108377
0.192289 0.0408686
0.00275
14
0.37454 0.950714
0.147073 0.926588
0.285712 0.868599
0.350588 0.589918
0.00552212 0.815461
0.227935 0.427108
0.392244 0.437475
0.527701 0.992965
0.844875 0.0232719
0.690938 0.386735
0.77127 0.0740447
0.265202 0.24399
0.389202 0.0108377
0.192289 0.0408686
0.0025
15
0.37454 0.950714
0.147073 0.926588
0.285712 0.868599
0.350588 0.589918
0.00552212 0.815461
0.227935 0.427108
0.392244 0.437475
0.527701 0.992965
0.844875 0.0232719
0.690938 0.386735
0.77127 0.0740447
0.706242 0.0813488
0.265202 0.24399
0.389202 0.0108377
0.192289 0.0408686
0.00225
17
0.37454 0.950714
0.223596 0.963223
0.147073 0.926588
0.285712 0.868599
0.350588 0.589918
0.00552212 0.815461
0.227935 0.427108
0.392244 0.437475
0.527701 0.992965
0.987276 0.150417
0.844875 0.0232719
0.690938 0.386735
0.77127 0.0740447
0.706242 0.0813488
0.265202 0.24399
0.389202 0.0108377
0.192289 0.0408686
0.002
19
0.37454 0.950714
0.223596 0.963223
0.147073 0.926588
0.285712 0.868599
0.350588 0.589918
0.237638 0.728216
0.00552212 0.815461
0.227935 0.427108
0.392244 0.437475
0.527701 0.992965
0.817222 0.555201
0.987276 0.150417
0.844875 0.0232719
0.690938 0.386735
0.77127 0.0740447
0.706242 0.0813488
0.265202 0.24399
0.389202 0.0108377
0.192289 0.0408686
0.00175
24
0.37454 0.950714
0.223596 0.963223
0.147073 0.926588
0.285712 0.868599
0.350588 0.589918
0.237638 0.728216
0.199674 0.514234
0.173202 0.433852
0.169493 0.556801
0.00552212 0.815461
0.227935 0.427108
0.392244 0.437475
0.527701 0.992965
0.725956 0.89711
0.817222 0.555201
0.987276 0.150417
0.844875 0.0232719
0.690938 0.386735
0.77127 0.0740447
0.706242 0.0813488
0.359491 0.293592
0.265202 0.24399
0.389202 0.0108377
0.192289 0.0408686
0.0015
36
0.37454 0.950714
0.32005 0.895523
0.223596 0.963223
0.147073 0.926588
0.285712 0.868599
0.540635 0.63743
0.350588 0.589918
0.237638 0.728216
0.199674 0.514234
0.173202 0.433852
0.169493 0.556801
0.195243 0.722452
0.00552212 0.815461
0.0113536 0.468661
0.227935 0.427108
0.392244 0.437475
0.63353 0.535775
0.551907 0.560938
0.601115 0.708073
0.527701 0.992965
0.768987 0.944766
0.725956 0.89711
0.657613 0.568309
0.698162 0.536096
0.817222 0.555201
0.892559 0.539342
0.987276 0.150417
0.844875 0.0232719
0.690938 0.386735
0.77127 0.0740447
0.677564 0.0165878
0.706242 0.0813488
0.359491 0.293592
0.265202 0.24399
0.389202 0.0108377
0.192289 0.0408686
0.00125
49
0.37454 0.950714
0.32005 0.895523
0.223596 0.963223
0.147073 0.926588
0.285712 0.868599
0.540635 0.63743
0.350588 0.589918
0.237638 0.728216
0.199674 0.514234
0.173202 0.433852
0.169493 0.556801
0.195243 0.722452
0.00552212 0.815461
0.0113536 0.468661
0.227935 0.427108
0.392244 0.437475
0.63353 0.535775
0.551907 0.560938
0.601115 0.708073
0.527701 0.992965
0.726091 0.975852
0.768987 0.944766
0.725956 0.89711
0.80744 0.896091
0.791579 0.789618
0.867072 0.913241
0.8128 0.947249
0.812901 0.999718
0.862364 0.949521
0.798295 0.649964
0.657613 0.568309
0.698162 0.536096
0.817222 0.555201
0.892559 0.539342
0.987276 0.150417
0.844875 0.0232719
0.690938 0.386735
0.684233 0.440152
0.660197 0.279934
0.77127 0.0740447
0.677564 0.0165878
0.635094 0.045304
0.706242 0.0813488
0.359491 0.293592
0.265202 0.24399
0.450544 0.129159
0.570061 0.0971765
0.389202 0.0108377
0.192289 0.0408686
0.001
70
0.37454 0.950714
0.424222 0.906354
0.32005 0.895523
0.223596 0.963223
0.147073 0.926588
0.285712 0.868599
0.3254 0.746491
0.410383 0.755551
0.518791 0.703019
0.540635 0.63743
0.350588 0.589918
0.237638 0.728216
0.199674 0.514234
0.173202 0.433852
0.169493 0.556801
0.195243 0.722452
0.00552212 0.815461
0.0113536 0.468661
0.181825 0.183405
0.156437 0.250243
0.18188 0.345667
0.227935 0.427108
0.392244 0.437475
0.511342 0.501516
0.63353 0.535775
0.551907 0.560938
0.554354 0.611721
0.601115 0.708073
0.750871 0.754543
0.527701 0.992965
0.726091 0.975852
0.768987 0.944766
0.725956 0.89711
0.80744 0.896091
0.791579 0.789618
0.83598 0.695974
0.867072 0.913241
0.8128 0.947249
0.812901 0.999718
0.862364 0.949521
0.940459 0.953929
0.974395 0.986211
0.798295 0.649964
0.657613 0.568309
0.698162 0.536096
0.817222 0.555201
0.892559 0.539342
0.990505 0.412618
0.838329 0.468693
0.98565 0.242055
0.987276 0.150417
0.844875 0.0232719
0.851137 0.316922
0.690938 0.386735
0.684233 0.440152
0.660197 0.279934
0.803672 0.18657
0.77127 0.0740447
0.677564 0.0165878
0.606429 0.00919705
0.635094 0.045304
0.706242 0.0813488
0.359491 0.293592
0.265202 0.24399
0.32078 0.186519
0.450544 0.129159
0.570061 0.0971765
0.389202 0.0108377
0.304614 0.0976721
0.192289 0.0408686
0.00075
102
0.37454 0.950714
0.459136 0.980033
0.441531 0.887704
0.424222 0.906354
0.32005 0.895523
0.319314 0.950062
0.223596 0.963223
0.147073 0.926588
0.0650516 0.948886
0.285712 0.868599
0.3254 0.746491
0.410383 0.755551
0.518791 0.703019
0.540635 0.63743
0.350588 0.589918
0.237638 0.728216
0.228643 0.671701
0.199674 0.514234
0.173202 0.433852
0.169493 0.556801
0.195243 0.722452
0.142992 0.761511
0.140924 0.802197
0.00552212 0.815461
0.0314292 0.63641
0.00695213 0.510747
0.0113536 0.468661
0.119865 0.337615
0.181825 0.183405
0.156437 0.250243
0.18188 0.345667
0.227935 0.427108
0.374271 0.370642
0.392244 0.437475
0.5163 0.322956
0.522733 0.427541
0.491616 0.473472
0.511342 0.501516
0.63353 0.535775
0.551907 0.560938
0.554354 0.611721
0.601115 0.708073
0.697016 0.702484
0.750871 0.754543
0.527701 0.992965
0.726091 0.975852
0.768987 0.944766
0.725956 0.89711
0.80744 0.896091
0.791579 0.789618
0.83598 0.695974
0.867072 0.913241
0.8128 0.947249
0.812901 0.999718
0.862364 0.949521
0.940459 0.953929
0.974395 0.986211
0.798295 0.649964
0.746045 0.583369
0.657613 0.568309
0.698162 0.536096
0.817222 0.555201
0.892559 0.539342
0.954051 0.606175
0.996637 0.555432
0.969303 0.523098
0.990505 0.412618
0.838329 0.468693
0.98565 0.242055
0.987276 0.150417
0.93673 0.137521
0.844875 0.0232719
0.851137 0.316922
0.690938 0.386735
0.684233 0.440152
0.631837 0.448446
0.660197 0.279934
0.712179 0.237249
0.849647 0.247348
0.803672 0.18657
0.77127 0.0740447
0.677564 0.0165878
0.606429 0.00919705
0.635094 0.045304
0.706242 0.0813488
0.618218 0.101123
0.607545 0.170524
0.54671 0.184854
0.431945 0.291229
0.359491 0.293592
0.265202 0.24399
0.32078 0.186519
0.318003 0.110052
0.450544 0.129159
0.570061 0.0971765
0.474174 0.0978342
0.389202 0.0108377
0.304614 0.0976721
0.228798 0.0769799
0.195791 0.0693613
0.00506158 0.160808
0.192289 0.0408686
0.0005
142
0.37454 0.950714
0.36363 0.971782
0.428184 0.966655
0.459136 0.980033
0.441531 0.887704
0.424222 0.906354
0.32005 0.895523
0.340804 0.930757
0.319314 0.950062
0.223596 0.963223
0.147073 0.926588
0.0650516 0.948886
0.161629 0.898554
0.285712 0.868599
0.3254 0.746491
0.376463 0.810553
0.410383 0.755551
0.518791 0.703019
0.540635 0.63743
0.350588 0.589918
0.237638 0.728216
0.228643 0.671701
0.286541 0.590833
0.280935 0.542696
0.314356 0.508571
0.199674 0.514234
0.173202 0.433852
0.144895 0.489453
0.169493 0.556801
0.138827 0.640875
0.119594 0.713245
0.195243 0.722452
0.142992 0.761511
0.140924 0.802197
0.0902898 0.835302
0.00552212 0.815461
0.0314292 0.63641
0.00695213 0.510747
0.0113536 0.468661
0.119865 0.337615
0.0452273 0.32533
0.0884925 0.195983
0.128046 0.151903
0.181825 0.183405
0.156437 0.250243
0.18188 0.345667
0.227935 0.427108
0.294449 0.385098
0.374271 0.370642
0.392244 0.437475
0.5163 0.322956
0.522733 0.427541
0.491616 0.473472
0.511342 0.501516
0.63353 0.535775
0.551907 0.560938
0.554354 0.611721
0.601115 0.708073
0.629399 0.695749
0.697016 0.702484
0.750871 0.754543
0.584314 0.901158
0.5979 0.921874
0.527701 0.992965
0.726091 0.975852
0.768987 0.944766
0.725956 0.89711
0.80744 0.896091
0.791579 0.789618
0.83598 0.695974
0.887086 0.779876
0.929698 0.80812
0.910927 0.822537
0.867072 0.913241
0.8128 0.947249
0.812901 0.999718
0.862364 0.949521
0.940459 0.953929
0.974395 0.986211
0.863103 0.623298
0.798295 0.649964
0.746045 0.583369
0.657613 0.568309
0.698162 0.536096
0.777147 0.558404
0.770967 0.493796
0.794811 0.502637
0.817222 0.555201
0.892559 0.539342
0.954051 0.606175
0.996637 0.555432
0.969303 0.523098
0.990505 0.412618
0.941465 0.386103
0.838329 0.468693
0.94291 0.323203
0.962447 0.251782
0.98565 0.242055
0.987276 0.150417
0.93673 0.137521
0.844875 0.0232719
0.904159 0.348255
0.851137 0.316922
0.690938 0.386735
0.684233 0.440152
0.631837 0.448446
0.594131 0.380891
0.660197 0.279934
0.633401 0.240146
0.70408 0.212964
0.712179 0.237249
0.814468 0.281855
0.849647 0.247348
0.803672 0.18657
0.77127 0.0740447
0.677564 0.0165878
0.606429 0.00919705
0.583656 0.0777346
0.635094 0.045304
0.706242 0.0813488
0.684731 0.162617
0.618218 0.101123
0.607545 0.170524
0.54671 0.184854
0.431945 0.291229
0.359491 0.293592
0.265202 0.24399
0.32078 0.186519
0.318003 0.110052
0.4196 0.247731
0.450544 0.129159
0.570061 0.0971765
0.474174 0.0978342
0.438971 0.0784564
0.389202 0.0108377
0.304614 0.0976721
0.228798 0.0769799
0.195791 0.0693613
0.0758633 0.12888
0.0563033 0.118818
0.00506158 0.160808
0.192289 0.0408686
0.00025
208
0.37454 0.950714
0.36363 0.971782
0.428184 0.966655
0.459136 0.980033
0.441531 0.887704
0.424222 0.906354
0.32005 0.895523
0.340804 0.930757
0.319314 0.950062
0.223596 0.963223
0.147073 0.926588
0.0848377 0.98664
0.0650516 0.948886
0.0154566 0.928319
0.161629 0.898554
0.285712 0.868599
0.309528 0.813795
0.3254 0.746491
0.376463 0.810553
0.410383 0.755551
0.505252 0.826457
0.503136 0.85649
0.520164 0.852182
0.513989 0.783653
0.518791 0.703019
0.549227 0.714596
0.540635 0.63743
0.465598 0.542645
0.458253 0.545617
0.350588 0.589918
0.237638 0.728216
0.228643 0.671701
0.286541 0.590833
0.280935 0.542696
0.314356 0.508571
0.199674 0.514234
0.173202 0.433852
0.144895 0.489453
0.0912061 0.49442
0.127061 0.522243
0.140084 0.51833
0.169493 0.556801
0.138827 0.640875
0.119594 0.713245
0.195243 0.722452
0.142992 0.761511
0.140924 0.802197
0.0902898 0.835302
0.072763 0.82186
0.00552212 0.815461
0.101472 0.663502
0.0705687 0.642419
0.0314292 0.63641
0.0265113 0.585776
0.0407751 0.590893
0.0737966 0.553854
0.0516817 0.531355
0.00695213 0.510747
0.0113536 0.468661
0.119865 0.337615
0.0711886 0.318976
0.0452273 0.32533
0.0884925 0.195983
0.128046 0.151903
0.156019 0.155995
0.181825 0.183405
0.156437 0.250243
0.18188 0.345667
0.227935 0.427108
0.294449 0.385098
0.293211 0.328665
0.310982 0.325183
0.374271 0.370642
0.392244 0.437475
0.463698 0.353352
0.492618 0.328752
0.497249 0.300878
0.5163 0.322956
0.522733 0.427541
0.491616 0.473472
0.511342 0.501516
0.576904 0.492518
0.609564 0.502679
0.63353 0.535775
0.551907 0.560938
0.554354 0.611721
0.601115 0.708073
0.629399 0.695749
0.697016 0.702484
0.706857 0.729007
0.750871 0.754543
0.750615 0.806835
0.701967 0.795793
0.649633 0.849223
0.584314 0.901158
0.5979 0.921874
0.527701 0.992965
0.615007 0.990054
0.726091 0.975852
0.768987 0.944766
0.725956 0.89711
0.80744 0.896091
0.818015 0.860731
0.809361 0.810113
0.791579 0.789618
0.83598 0.695974
0.855461 0.703658
0.887086 0.779876
0.929698 0.80812
0.910927 0.822537
0.867072 0.913241
0.8128 0.947249
0.812901 0.999718
0.862364 0.949521
0.940459 0.953929
0.974395 0.986211
0.961191 0.905351
0.986001 0.753378
0.863103 0.623298
0.798295 0.649964
0.755137 0.62031
0.729606 0.637557
0.731994 0.598658
0.746045 0.583369
0.657613 0.568309
0.698162 0.536096
0.760785 0.561277
0.777147 0.558404
0.770967 0.493796
0.794811 0.502637
0.817222 0.555201
0.892559 0.539342
0.954051 0.606175
0.996637 0.555432
0.969303 0.523098
0.990505 0.412618
0.941465 0.386103
0.896788 0.473962
0.838329 0.468693
0.914864 0.370159
0.94291 0.323203
0.962447 0.251782
0.98565 0.242055
0.987276 0.150417
0.93673 0.137521
0.905382 0.0912867
0.844875 0.0232719
0.908266 0.239562
0.904159 0.348255
0.851137 0.316922
0.690938 0.386735
0.684233 0.440152
0.631837 0.448446
0.594131 0.380891
0.618128 0.358163
0.660197 0.279934
0.633401 0.240146
0.651961 0.224269
0.70408 0.212964
0.712179 0.237249
0.772245 0.198716
0.769994 0.215821
0.795186 0.270832
0.814468 0.281855
0.849647 0.247348
0.832443 0.212339
0.803672 0.18657
0.77127 0.0740447
0.677564 0.0165878
0.606429 0.00919705
0.57828 0.0359423
0.592415 0.0464504
0.583656 0.0777346
0.642032 0.08414
0.635094 0.045304
0.706242 0.0813488
0.684731 0.162617
0.618218 0.101123
0.607545 0.170524
0.54671 0.184854
0.512093 0.226496
0.529651 0.241852
0.431945 0.291229
0.388677 0.271349
0.359491 0.293592
0.265202 0.24399
0.289751 0.161221
0.32078 0.186519
0.318003 0.110052
0.408953 0.173294
0.4196 0.247731
0.450544 0.129159
0.570061 0.0971765
0.474174 0.0978342
0.438971 0.0784564
0.389202 0.0108377
0.330898 0.0635584
0.304614 0.0976721
0.280772 0.024316
0.228798 0.0769799
0.195791 0.0693613
0.0758633 0.12888
0.0563033 0.118818
0.00506158 0.160808
0.0254191 0.107891
0.0305002 0.0373482
0.136371 0.0145447
0.192289 0.0408686
